initial: 6
0.161524 0.0537745 0.200101 0.339911 0.168028 0.0766605 

transition: 6
0.458158 0.394202 0.0600664 0.0399859 0.0199489 0.0276389 
0.184164 0.481278 0.23614 0.0534289 0.0184835 0.026505 
0.152254 0.126526 0.315414 0.309007 0.0484083 0.0483903 
0.123815 0.100703 0.108737 0.390271 0.21658 0.0598934 
0.0690983 0.0529192 0.0482944 0.0610162 0.453939 0.314733 
0.286547 0.0737073 0.0482299 0.0496949 0.162218 0.379603 

observation: 6
0.455607 0.503392 0.213438 0.103391 0.0564036 0.113428 
0.127461 0.174592 0.216114 0.125731 0.0637784 0.0719774 
0.118279 0.108528 0.190292 0.192796 0.231645 0.22076 
0.289771 0.201695 0.167252 0.139185 0.160273 0.27673 
0.00833093 0.0117162 0.212622 0.435831 0.187787 0.0639833 
0.000550539 7.71203e-05 0.000282227 0.00306675 0.300113 0.253122 
