initial: 6
0.525547 0.189263 0.122292 0.12498 0.0284323 0.00948599 

transition: 6
0.452034 0.385921 0.0638072 0.0447109 0.0227489 0.0307785 
0.181896 0.466397 0.239063 0.0568152 0.023494 0.0323346 
0.146718 0.123832 0.310265 0.312609 0.0534133 0.0531621 
0.112641 0.0944688 0.104832 0.397419 0.228837 0.0618022 
0.0680834 0.0547842 0.0534582 0.0698277 0.437808 0.316038 
0.280323 0.0746889 0.0510121 0.0521263 0.153968 0.387882 

observation: 6
0.504252 0.483928 0.22893 0.11408 0.066286 0.115988 
0.115532 0.178416 0.223895 0.135856 0.0677045 0.0766894 
0.138934 0.113241 0.183347 0.182488 0.2267 0.207463 
0.232966 0.21341 0.175163 0.131089 0.157099 0.302302 
0.00797343 0.0109429 0.188404 0.433836 0.229508 0.0696288 
0.00034308 6.11791e-05 0.000261416 0.00265064 0.252703 0.227929 
