initial: 6
0.788131 0.164518 0.0215372 0.0185299 0.00495734 0.00232656 

transition: 6
0.41365 0.376444 0.0819321 0.0645726 0.0279599 0.0354413 
0.152613 0.422165 0.284942 0.0736502 0.0287297 0.0379004 
0.146785 0.137546 0.323425 0.28604 0.0504591 0.0557449 
0.136247 0.128937 0.11129 0.328174 0.224122 0.0712304 
0.065001 0.0583656 0.0514275 0.0633411 0.478059 0.283806 
0.28217 0.0833583 0.0658178 0.0730148 0.166558 0.329082 

observation: 6
0.551081 0.411351 0.196558 0.129255 0.0689505 0.130823 
0.143179 0.208085 0.213771 0.160012 0.0693957 0.0942469 
0.120596 0.158396 0.346902 0.500519 0.411513 0.292991 
0.184236 0.221808 0.24155 0.2024 0.161245 0.30048 
0.000752226 0.000329969 0.00108974 0.00567808 0.0421097 0.035665 
0.000155763 2.96346e-05 0.000129023 0.00213652 0.246786 0.145794 
