initial: 6
0.506728 0.17485 0.157537 0.140075 0.012696 0.0081143 

transition: 6
0.296593 0.313424 0.102658 0.096559 0.0980219 0.0927444 
0.0947654 0.299828 0.311159 0.0963562 0.100628 0.0972638 
0.107505 0.100968 0.304225 0.313573 0.0896728 0.0840566 
0.107633 0.105775 0.101137 0.308764 0.288565 0.0881257 
0.078605 0.0826914 0.0870046 0.0849796 0.346556 0.320164 
0.265732 0.0875005 0.0946231 0.0966288 0.121005 0.33451 

observation: 6
0.191247 0.249624 0.102982 0.102443 0.135252 0.106516 
0.175843 0.190722 0.175197 0.139622 0.041668 0.039215 
0.266757 0.229956 0.255552 0.2965 0.267669 0.25223 
0.254131 0.180107 0.233317 0.289778 0.193442 0.195466 
0.0900517 0.118973 0.210562 0.142527 0.171528 0.257941 
0.0219694 0.0306183 0.0223902 0.0291297 0.19044 0.148632 
